warnum	obsnum	obsname	conqueror	loser	ccode1	ccode2	startdate	conqdate	resend	yearconq	default	conqflag	esw	firc	insurgency	resist	succeed	terraim	govtaim	ongoing	alldeaths	losdeaths	conqsize	lossize	countrysize	coord	cowinit	edel_threat	distance	contig	terrain	elevate	forest	culclash	relclash	relclash_sect	language_group_low	language_group_high	language	natl1	natl2	natl3	gdppc	gdppc2	yearonset	yearm1	polity_conq	politycq_onset	politycq_onsetm1	polity_los	energy	tpop	upop	polityls_onset	polityls_onsetm1	durat	soldperterr	mtnfor	urbpc	edel	lndurat	lnlosdeaths	lnlosdeathspc	lncqsize	lndist	lngdppc	lngdppc2	terraim_s	govtaim_s	alldeaths_s	losdeaths_s	lncqsize_s	soldperterr_s	polity_conq_s	polity_los_s	terrain_s	elevate_s	forest_s	mtnfor_s	lndurat_s	lnlosdeaths_s	lnlosdeathspc_s	distance_s	lndist_s	lngdppc_s	urbpc_s
1003	1003.0	"Grenada"	"United States"	"Grenada"	2	55	"10/25/1983"	"10/25/1983"	"."	1983	0	0	0	1	0	0		0	1	0	89	70	7600	2200	344	0	1	"1"	3348.466	6			0.5294118	1	0	0	0	0	0	1	1	1		6282.0	1983.0	1982.0	10	10	10		3	91	0			1.0	3.0952618		0.0	0.0	0.0	4.248495	-0.26236427	8.935904	8.116258		8.745443	-1.1666329	-0.37939346	-0.20186068	-0.22350554	-1.2721773	1.4554158	1.8318571				0.5925897		-2.230997	-1.5458299	0.126823	0.24838793	0.768495		-1.1779459
7	7.0	"Mexican-American"	"United States"	"Mexico"	2	70	"4/25/1846"	"9/14/1847"	"2/2/1848"	1848	0	1	0	0	0	1	0	1	0	0	6100	5000	10738	30000	3233040	1	1	"No"	3034.392	1	31.2	5710	0.47006866	1	0	1	1	0	1	1	1	1	709.7	709.7	1846.0	1845.0	10	10	9		13	7534	166	-3	-3	508.0	-5.7073894	39.10343	0.02203345	0.0	6.2304816	8.517193	-0.4099882	9.281544	8.017766	6.564842	6.564842	-0.057611503	-1.7705028	-0.1955514	-0.21236043	-1.081145	-1.9095869	1.8318571		0.5022977	1.2248359	0.3195405	0.503054	0.9630625	0.16716011	0.0685477	0.1451877	0.68189526	-0.98461413	-0.91678756
40	40.0	"Franco-Mexican"	"France"	"Mexico"	220	70	"4/19/1862"	"6/7/1863"	"3/12/1867"	1863	1	0	0	0	0	1	1	0	1	0	2350	2000	36000	22000	1923040	1	1	"No"	9206.556	6	31.2	5710	0.47006866	1	0	0	0	0	1	1	1	1	685.9	685.9	1862.0	1861.0	-6	-7	-8	-3	67	8708	208	-3	-3	415.0	-3.9781437	39.10343	0.023886083	0.0	6.0282784	7.6009026	-1.471095	10.491274	9.127671	6.5307317	6.5307317	-1.1666329	-0.37939346	-0.19948749	-0.21914245	-0.412538	-1.2485455	-0.581884	-0.029464796	0.5022977	1.2248359	0.3195405	0.503054	0.85940295	-0.20053895	-0.35032958	2.1732728	1.6577904	-1.0270469	-0.8948287
1012	1012.0	"Honduras 1872"	"El Salvador"	"Honduras"	92	91	"3/25/1872"	"7/28/1872"	"1874"	1872	0	3	0	1	0	1	0	0	1	0					111890	0	1	"0"	217.693	1	52.8	2870	0.8074895	0	0	0	0	0	0	0	0	1		568.73334	1872.0	1871.0	-1	-1	-1	-3				-3	-3	126.0		66.774475		0.0	4.836282				5.3830857		6.3434114	-1.1666329	-0.37939346					0.17241009	-0.029464796	1.5335373	-0.21888003	1.8720788	2.0061505	0.24832527			-0.7803395	-1.6346735		
1013	1013.0	"Honduras 1894"	"Nicaragua"	"Honduras"	93	91	"12/23/1893"	"2/22/1894"	"."	1894	0	3	0	1	0	0		0	1	0	700				111890	0	1	"0"	240.673	1	52.8	2870	0.8074895	0	0	0	0	0	0	0	0	1		775.93335	1893.0	1892.0	-5	-5	-5	-3				-3	-3	62.0		66.774475		0.0	4.1271343				5.483439		6.6540666	-1.1666329	-0.37939346	-0.20121937				-0.4310252	-0.029464796	1.5335373	-0.21888003	1.8720788	2.0061505	-0.115219526			-0.7727886	-1.5464369		
1010	1010.0	"El Salvador 1863"	"Guatemala"	"El Salvador"	90	92	"6/19/1863"	"10/26/1863"	"."	1863	0	3	0	1	0	0		0	1	0					20720	1	0	"0"	178.427	1	10.3	2730	0.2804054	0	0	0	0	0	0	0	0	1		561.18	1863.0	1862.0	-3	-3	-3	-1				-1	-1	130.0		19.17027		0.0	4.8675346				5.18418		6.330042	-1.1666329	-0.37939346					-0.12930757	0.29464796	-0.49552223	-0.29004914	-0.55313665	-0.5797191	0.26434708			-0.79324174	-1.8095635		
1011	1011.0	"El Salvador 1871"	"Honduras"	"El Salvador"	91	92	"3/5/1871"	"4/15/1871"	"."	1871	0	3	0	1	0	0		0	1	0				5000	20720		1	"0"	217.693	1	10.3	2730	0.2804054	0	0	0	0	0	0	0	0	1		558.86664	1871.0	1870.0	-3	-3	-3	-1				-1	-1	42.0		19.17027		0.0	3.7376697				5.3830857		6.325911	-1.1666329	-0.37939346					-0.12930757	0.29464796	-0.49552223	-0.29004914	-0.55313665	-0.5797191	-0.31487876			-0.7803395	-1.6346735		
91	91.0	"Central American"	"Nicaragua"	"Honduras"	93	94	"2/18/1907"	"3/28/1907"	"."	1907	1	0	0	0	0	0		0	1	1	1000	600	5000	4500	111890	0	1	"No"	240.673	1	22.2	3810	0.8074895	0	0	0	0	0	0	1	0	1		1457.0	1907.0	1906.0	-5	-5	-5	10				10	10	39.0	-3.1080782	51.474476		0.0	3.6635616	6.3969297		8.517193	5.483439		7.284135	-1.1666329	-0.37939346	-0.20090447	-0.22230738	-1.503595	-0.91594434	-0.4310252	2.0772681	0.072614476	0.2589696	1.8720788	1.1750515	-0.35287032	-0.68368244		-0.7727886	-1.5464369		
1004	1004.0	"Panama"	"United States"	"Panama"	2	95	"12/20/1989"	"12/20/1989"	"."	1989	0	0	0	1	0	0		0	1	0	228	205	27684		75420	0	1	"0"	3337.765	6	12.0	3475	0.62447935	1	0	0	1	0	1	1	1	1	4352.0	4352.0	1989.0	1988.0	10	10	10	-8	1947	2350	686	-8	-8	1.0	-1.0022179	37.22397	0.29191488	0.0	0.0	5.32301	-2.4391606	10.22861	8.113057	8.37839	8.37839	-1.1666329	-0.37939346	-0.20171478	-0.22320035	-0.55771	-0.11093389	1.8318571	-0.83974665	-0.41435987	0.08867214	1.0300138	0.4009612	-2.230997	-1.1146368	-0.7324784	0.24487168	0.76568097	1.2714028	2.2820652
64	64.0	"Pacific"	"Chile"	"Peru"	155	135	"4/5/1879"	"1/17/1881"	"10/29/1883"	1881	1	0	0	0	0	1	0	1	0	0	11122	8822	26000	26000	1280000	1	1	"No"	2469.326	1	47.6	6758	0.721	0	0	0	0	0	0	1	1	1		912.13336	1879.0	1878.0	3	3	3	-3	0	2759	105	-1	-1	654.0	-3.8965187	59.85	0.038057268	0.0	6.4831076	9.085004	1.1623803	10.165852	7.8117003		6.8157864	-0.057611503	-1.7705028	-0.19028018	-0.20372015	-0.592396	-1.2173426	0.7758454	-0.029464796	1.2852758	1.7575874	1.474124	1.6300116	1.0925714	0.39501756	0.68924814	-0.04048499	0.50071		-0.72686034
49	49.0	"Triple Alliance"	"Brazil"	"Paraguay"	140	150	"11/12/1864"	"1/1/1869"	"3/1/1870"	1869	1	0	0	0	0	1	0	1	1	0	250000	220000	111650	50000	407800	1	0	"External"	1488.866	1	1.1	804	0.5325195	0	0	0	0	0	1	1	1	1		676.0	1864.0	1863.0	-6	-6	-6	-9	0	264	0	-9	-9	1512.0	-1.2954079	27.175976	0.0	1.0	7.3211884	12.301383	6.725434	11.623124	7.30577		6.516193	-0.057611503	-0.37939346	0.060451772	0.27368388	0.21302556	-0.22301207	-0.581884	-1.001803	-0.93475395	-1.2691325	0.6068889	-0.14484769	1.5222139	1.6857216	2.8852918	-0.36265016	0.055865645		-1.1779459
19	19.0	"La Plata"	"Brazil"	"Argentina"	140	160	"7/18/1851"	"2/3/1852"	"."	1852	1	0	0	0	0	0		0	1	0	700	500	25000	22000	2736690	0	1	"No"	1967.268	1	28.4	7002	0.35039774	0	0	0	0	0	1	0	0	1		681.7	1851.0	1850.0	-6	-6	-6	-5	65	1006	115	-5	-5	201.0	-4.6956286	31.719887	0.11431412	0.0	5.3033047	6.214608	-0.6991292	10.126631	7.584401		6.5245895	-1.1666329	-0.37939346	-0.20121937	-0.22253345	-0.614073	-1.5228196	-0.581884	-0.35357755	0.3686184	1.881625	-0.23108847	0.10197843	0.4877448	-0.7568464	-0.045592185	-0.2054541	0.3008549		0.17699742
139	139.3	"World War II"	"Germany"	"Netherlands"	255	210	"5/10/1940"	"5/14/1940"	"."	1940	1	0	0	0	0	0		2	2	1	3100	2100	360000	400000	33883	0	1	"No"	577.385	1	0.0	328	0.10182999	0	0	0	0	0	1	1	1	1	4831.0	4831.0	1940.0	1939.0	-9	-9	-9	10	12668	8880	2418	10	10	5.0	2.3631907	5.0914993	0.2722973	0.0	1.609438	7.6496925	-1.4418643	12.7938595	6.3585095	8.482809	8.482809	1.05141	1.0117159	-0.19870026	-0.21891639	0.8600806	1.175566	-1.0344605	2.0772681	-0.98727083	-1.5111074	-1.3747965	-1.3444808	-1.4059179	-0.18095997	-0.3387906	-0.66214985	-0.7770225	1.4012976	2.0495415
106	106.3	"World War I"	"Germany"	"Belgium"	255	211	"8/4/1914"	"8/31/1914"	"."	1914	0	1	0	0	0	0		1	0	1			580000	177000	30278	0	1	"No"	651.567	1	0.0	694	0.2305152	0	0	0	1	0	1	1	1	1	3923.0	3923.0	1914.0	1913.0	2	2	2	7	16700	7684	894	7	6	28.0	2.9526067	11.52576	0.11634565	0.0	3.3322046			13.270783	6.47938	8.274611	8.274611	-0.057611503	-1.7705028			1.1236722	1.4008828	0.6249865	1.5910989	-0.98727083	-1.3250512	-0.7826911	-0.99497044	-0.52274066			-0.63777465	-0.6707458	1.1423041	0.2010768
139	139.4	"World War II"	"Germany"	"Belgium"	255	211	"5/10/1940"	"5/28/1940"	"."	1940	1	0	0	0	0	0		2	2	1	9500	6500	540000	600000	30278	0	1	"No"	651.567	1	0.0	694	0.2305152	0	0	0	1	0	1	1	1	1	4562.0	4562.0	1940.0	1939.0	-9	-9	-9	10	26015	8295	921	10	10	19.0	2.8811479	11.52576	0.11103074	0.0	2.944439	8.779557	-0.24385075	13.199325	6.47938	8.425516	8.425516	1.05141	1.0117159	-0.19198269	-0.20896943	1.0841776	1.3735662	-1.0344605	2.0772681	-0.98727083	-1.3250512	-0.7826911	-0.99497044	-0.72152895	0.27244458	0.1341313	-0.63777465	-0.6707458	1.3300264	0.13808021
58	58.0	"Franco-Prussian"	"Prussia"	"France"	255	220	"7/24/1870"	"2/15/1871"	"."	1871	1	0	0	0	0	0		1	0	0	93000	77000	1146355	949337	545630	0	0	"No"	878.712	1	10.5	4809	0.30218142	0	0	1	0	0	1	1	1	1	1899.0	1899.0	1870.0	1869.0	-5	-5	-6	-2	18921	36190	3395	-3	-6	207.0	0.74240154	20.359072	0.09381045	0.0	5.332719	11.251561	0.7550226	13.952098	6.778457	7.5490828	7.5490828	-0.057611503	-1.7705028	-0.104339115	-0.049592104	1.5002286	0.55598444	-0.4310252	0.13259158	-0.48597375	0.76681197	-0.452941	-0.5151432	0.502824	1.2644376	0.5284416	-0.56313807	-0.40777934	0.23976107	-0.06602863
139	139.5	"World War II"	"Germany"	"France"	255	220	"5/10/1940"	"6/22/1940"	"."	1940	1	0	0	0	0	0		1	0	1	134000	92000	1450000	1600000	545630	0	1	"Internal"	878.712	1	10.5	4809	0.30218142	0	0	1	1	0	1	1	1	1	4042.0	4042.0	1940.0	1939.0	-9	-9	-9	10	56951	41000	6422	10	10	44.0	0.9773778	20.359072	0.15663415	0.0	3.7841897	11.4295435	0.8082165	14.187074	6.778457	8.304495	8.304495	-0.057611503	-1.7705028	-0.061304554	-0.015682032	1.6300977	0.6458091	-1.0344605	2.0772681	-0.48597375	0.76681197	-0.452941	-0.5151432	-0.29103026	1.3358603	0.5494402	-0.56313807	-0.40777934	1.1794784	0.67860866
1	1.0	"Franco-Spanish"	"France"	"Spain"	220	230	"4/17/1823"	"9/23/1823"	"."	1823	1	0	0	0	0	0		0	1	0	1000	600	100000		499542	0	1	"Internal"	1053.961	1	21.6	3718	0.5172883	0	0	0	0	0	1	1	1	1	1015.1	1015.1	1823.0	1822.0	-4	-4	-4	-4	0	11672	269	-4	-4	160.0	-1.6085215	36.664417	0.023046607	0.0	5.075174	6.3969297	-2.9680185	11.512925	6.960311	6.9227424	6.9227424	-1.1666329	-0.37939346	-0.20090447	-0.22230738	0.15211956	-0.34270647	-0.2801664	-0.19152117	0.04396891	0.21220136	0.53680724	0.37056628	0.37079343	-0.68368244	-0.94124776	-0.5055537	-0.2478826	-0.5393936	-0.9047788
55	55.2	"Seven Weeks"	"Prussia"	"Hannover"	255	240	"6/16/1866"	"6/23/1866"	"."	1866	1	0	0	0	0	0		2	2	1	500	379	437262	20000	39000	0	1	"No"	250.039	1				0	0	0	0	0	0	1	0	0		1771.0	1866.0	1865.0	-7	-7	-7		234	1934	0			8.0	2.416971		0.0	0.0	2.0794415	5.9375362	-1.6298095	12.988288	5.521617		7.4792995	1.05141	1.0117159	-0.2014293	-0.22280699	0.9675395	1.1961246	-0.73274285						-1.1649703	-0.8680329	-0.41298294	-0.7697111	-1.5128686		-1.1779459
139	139.13	"World War II"	"Soviet Union"	"Germany"	365	255	"5/10/1940"	"5/8/1945"	"."	1945	1	0	0	0	0	0		1	1	0	7000000	2850000	11042000	9200000	468787	0	0	"External"	1610.3	1	2.0	2964	0.307968	1	0	1	1	0	1	1	1	1	4514.0	4514.0	1940.0	1939.0	-9	-9	-9	-9	133062	89697	23627	-9	-9	1825.0	3.159313	16.3984	0.26340902	1.0	7.509335	14.862829	3.458637	16.217216	7.384176	8.414939	8.414939	-0.057611503	-0.37939346	7.1454105	6.2192492	2.7521396	1.4799008	-1.0344605	-1.001803	-0.8917857	-0.17109506	-0.4263159	-0.73028773	1.6186674	2.713607	1.5957072	-0.32274866	0.12480477	1.3168685	1.9441906
55	1009.0	"Prussia-Baden"	"Prussia"	"Baden"	255	267	"6/15/1848"	"7/12/1848"	"."	1848	0	0	0	1	0	0		0	1	0			60000	20000	3400	0	1	"1"	527.344	6				0	0	0	0	0	0	1	0	0		1423.0	1848.0	1847.0	-9	-9	-9	-4	-9	1364	0	-4	-4	28.0	2.8705692		0.0	0.0	3.3322046			11.0021	6.2678533		7.2605224	-1.1666329	-0.37939346			-0.13020895	1.3695223	-1.0344605	-0.19152117					-0.52274066			-0.67859256	-0.8567329		-1.1779459
55	55.1	"Seven Weeks"	"Prussia"	"Saxony"	255	269	"6/16/1866"	"6/23/1866"	"."	1866	1	0	0	0	0	0		1	0	1	674	241	437262	32000	18413	0	1	"No"	168.031	1				0	0	0	0	0	0	1	0	0		1771.0	1866.0	1865.0	-7	-7	-7	-7	2859	2383	159	-7	-7	8.0	3.1674757		0.06672262	0.0	2.0794415	5.484797	-2.2913187	12.988288	5.1241484		7.4792995	-0.057611503	-1.7705028	-0.20124665	-0.22311896	0.9675395	1.4830211	-0.73274285	-0.6776903					-1.1649703	-1.0497131	-0.674117	-0.79665774	-1.8623468		-0.38709548
55	55.3	"Seven Weeks"	"Prussia"	"Hesse-Electoral"	255	273	"6/16/1866"	"6/23/1866"		1866	1	0	0	0	0	0		2	2	1	15000	88	437262	20000	20000	0	1	"No"	301.394	1				0	0	0	0	0	0	1	0	0		1771.0	1866.0	1865.0	-7	-7	-7		420	749	0			8.0	3.0848002		0.0	0.0	2.0794415	4.477337	-2.1414022	12.988288	5.7084184		7.4792995	1.05141	1.0117159	-0.18620975	-0.22346485	0.9675395	1.4514167	-0.73274285						-1.1649703	-1.4539977	-0.61493677	-0.7528365	-1.3486216		-1.1779459
139	139.1	"World War II"	"Germany"	"Poland"	255	290	"9/1/1939"	"10/5/1939"	"."	1939	1	0	0	0	0	0		2	2	1	76870	66300	1250000	800000	304465	0	1	"No"	517.671	1	0.8	2501	0.2917351	0	0	0	1	0	1	1	1	1	2182.0	2182.0	1939.0	1938.0	-9	-9	-9	-6	23882	35486	3914	-6	-6	35.0	1.4123427	14.986755	0.11029702	0.0	3.5553482	11.101945	0.6250516	14.038654	6.24934	7.6879973	7.6879973	1.05141	1.0117159	-0.12126955	-0.07378128	1.5480677	0.81208384	-1.0344605	-0.51563394	-0.9490768	-0.40646145	-0.5010065	-0.8069685	-0.408346	1.2043979	0.4771349	-0.681771	-0.8730108	0.412568	0.1293835
112	112.0	"Hungarian-Allies"	"Romania"	"Hungary"	360	310	"4/16/1919"	"8/4/1919"	"."	1919	1	0	0	0	0	0		1	1	0	9000	3000	96000	31000	92340	0	1	"Internal"	643.199	1	0.0	936	0.20040058	1	0	1	1	1	1	1	1	1	1709.0	1709.0	1919.0	1918.0	-4	-4	-4	-6	3054	7880	1176	-6	-4	111.0	0.038870774	10.020029	0.14923857	0.0	4.7095304	8.006368	-0.9657156	11.472103	6.466454	7.4436636	7.4436636	-0.057611503	-0.37939346	-0.19250749	-0.21688178	0.1295576	0.28704464	-0.2801664	-0.51563394	-0.98727083	-1.2020303	-0.9212543	-1.076762	0.1833461	-0.037829433	-0.15082851	-0.64052427	-0.6821112	0.10862178	0.59095025
139	139.12	"World War II"	"Soviet Union"	"Hungary"	365	310	"6/27/1941"	"2/13/1945"	"."	1945	1	0	0	0	0	0		1	1	1	3171	147435	719500	350000	92340	0	0	"No"	1570.496	1	0.0	936	0.20040058	1	0	1	1	1	1	1	1	1	2743.0	2743.0	1941.0	1940.0	-9	-9	-9		4048	9024	1384	-1	-1	1328.0	2.0530791	10.020029	0.1533688	0.0	7.191429	11.901143	2.7934997	13.486312	7.3591466	7.9168077	7.9168077	-0.057611503	-0.37939346	-0.19862574	0.10963828	1.2427928	1.0570191	-1.0344605		-0.98727083	-1.2020303	-0.9212543	-1.076762	1.4556928	1.5251089	1.3331409	-0.3358277	0.10279761	0.69720334	0.6399051
154	154.0	"Russo-Hungarian"	"Soviet Union"	"Hungary"	365	310	"10/23/1956"	"11/11/1956"	"."	1956	1	0	0	0	0	0		0	1	0	3171	2502	140000		92340	0	1	"No"	1570.496	1	0.0	936	0.20040058	1	0	1	1	1	1	1	1	1	2906.0	2906.0	1956.0	1955.0	-7	-7	-7	-7	13411	9911	1824	-7	-7	20.0	0.416165	10.020029	0.18403794	0.0	2.9957323	7.824846	-1.3765548	11.849398	7.3591466	7.974533	7.974533	-1.1666329	-0.37939346	-0.19862574	-0.2180076	0.33808494	0.4312735	-0.73274285	-0.6776903	-0.98727083	-1.2020303	-0.9212543	-1.076762	-0.69523335	-0.11067253	-0.31300938	-0.3358277	0.10279761	0.76901263	1.0034205
1005	1005.0	"Germany-Czechoslovakia"	"Germany"	"Czechoslovakia"	255	315	"3/15/1939"	"3/16/1939"	"."	1939	0	0	0	1	0	0		2	2	0	50	50			125352	0	1	"0"	280.25	1	6.0	2561	0.34023553	0	0	0	1	0	1	1	1	1	2882.0	2882.0	1939.0	1938.0	-9	-9	-9	7	30745	14680	1636	7	7	2.0		20.011776	0.11144414	0.0	0.6931472	3.912023	-5.682218		5.635682	7.96624	7.96624	1.05141	1.0117159	-0.20190161	-0.22355075			-1.0344605	1.5910989	-0.7008153	-0.37596038	-0.27784672	-0.5340084	-1.8756548	-1.6808531	-2.0126917	-0.75978416	-1.4125756	0.7586961	0.14298011
1002	1002.0	"Prague Spring"	"Soviet Union"	"Czechoslovakia"	365	315	"8/20/1968"	"8/21/1968"	"."	1968	0	0	0	1	0	0		0	1	0	81	70	600000		125352	0	1	"0"	1669.639	1	6.0	2561	0.34023553	0	0	1	0	0	1	1	1	1	6223.0	6223.0	1968.0	1967.0	-7	-7	-7	-7	72887	14361	2202	-7	-7	2.0	1.5658039	20.011776	0.15333194	0.0	0.6931472	4.248495	-5.3237762	13.304685	7.420363	8.736008	8.736008	-1.1666329	-0.37939346	-0.20186909	-0.22350554	1.1424091	0.8707477	-0.73274285	-0.6776903	-0.7008153	-0.37596038	-0.27784672	-0.5340084	-1.8756548	-1.5458299	-1.8711951	-0.3032507	0.15662271	1.7162715	0.63946813
139	139.8	"World War II"	"United States"	"Italy"	2	325	"6/19/1940"	"9/8/1943"	"."	1943	1	1	0	0	0	0		1	1	1	140000	110823	375000	400000	294020	1	0	"External"	1436.429	6	22.2	4807	0.31019005	0	0	1	1	0	1	1	1	1	3039.0	3039.0	1940.0	1939.0	10	10	10	-9	3388	44830	8682	-9	-9	1177.0	0.24327824	26.609503	0.19366495	1.0	7.070724	11.615689	0.9050568	12.8346815	7.2699156	8.019284	8.019284	-0.057611503	-0.37939346	-0.055006813	0.026870582	0.88264257	0.3651838	1.8318571	-1.001803	0.072614476	0.76579523	-0.41609177	-0.17561862	1.3938133	1.4105589	0.58766836	-0.37988022	0.02434036	0.8246822	1.1175276
16	16.0	"Roman Republic"	"France"	"Papal States"	220	327	"4/30/1849"	"7/2/1849"	"."	1849	1	0	0	0	0	0		0	1	0	2267	1433	34000	18600	41440	0	1	"No"	1107.412	4				0	0	0	0	0	1	1	0	1	1350.0	1350.0	1849.0	1848.0	6	6	-1	-9	-9	2999	172	-9	-9	64.0	-0.19788608		0.05735245	0.0	4.158883	7.267525	-0.73850876	10.434115	7.009781	7.20786	7.20786	-1.1666329	-0.37939346	-0.1995746	-0.22042425	-0.444129	0.19653924	1.2284218	-1.001803					-0.0989435	-0.33432028	-0.061137456	-0.4879905	-0.20438565	-0.1847131	-0.49815825
34	34.0	"Italo-Roman"	"Sardinia/Piedmont"	"Papal States"	325	327	"9/10/1860"	"9/29/1860"	"."	1860	1	0	0	0	0	0		2	2	1	2670	2370	33000	18000	41440	1	1	"No"	525.451	1				0	0	0	0	0	0	1	0	0		1447.0	1860.0	1859.0	-7	-7	-7	-9	-9	3162	184	-9	-9	20.0	-0.22773904		0.05819102	0.0	2.9957323	7.770645	-0.2883148	10.404263	6.264257		7.277248	1.05141	1.0117159	-0.1991516	-0.218306	-0.4606284	0.18512732	-0.73274285	-1.001803					-0.69523335	-0.13242278	0.1165789	-0.6792146	-0.859895		-0.48821884
1007	1007.0	"Austria-Two Sicilies"	"Austria"	"Two Sicilies"	300	329	"1/15/1821"	"3/24/1821"	"."	1821	0	0	0	1	0	0		0	1	0	85	75	52000	10000	100000	0	1	"1"	837.231	4				0	0	0	0	1	1	1	0	1		1124.7667	1821.0	1820.0	-10	-10	-10	-6	-9	6974	483	-6	-10	69.0	-0.6539265		0.069257244	0.0	4.2341065	4.317488	-4.532456	10.858999	6.7301		7.025331	-1.1666329	-0.37939346	-0.20186488	-0.22349423	-0.20929946	0.022207988	-1.1853193	-0.51563394					-0.060380165	-1.5181437	-1.5588174	-0.5767681	-0.4502977		-0.357053
37	37.0	"Italo-Sicilian"	"Sardinia/Piedmont"	"Naples"	325	329	"9/10/1860"	"3/20/1861"	"."	1861	1	0	0	0	0	0		2	2	0	15200	14010	38000	32000	100000	0	1	"No"	712.44	6				0	0	0	0	0	0	1	0	0		1447.0	1860.0	1859.0	-7	-7	-7	-10	-9	9179	647	-10	-10	192.0	-0.967584		0.07048698	0.0	5.2574954	9.547526	0.42285308	10.5453415	6.5686955		7.277248	1.05141	1.0117159	-0.18599983	-0.19199179	-0.38265532	-0.097694345	-0.73274285	-1.1638595					0.46426067	0.5806237	0.39731604	-0.6177727	-0.59221435		-0.34247723
1008	1008.0	"Austria-Tuscany"	"Austria"	"Tuscany"	300	337	"5/1/1849"	"5/25/1849"	"."	1849	0	0	0	1	0	0		0	1	0	50	50	10000		23000	0	1	"1"	632.834	6				0	0	0	0	1	1	1	0	1		1342.2333	1849.0	1848.0	-6	-6	-10	-7	-9	1554	105	-7	-10	25.0	-0.8329091		0.067567565	0.0	3.218876	3.912023	-3.4365644	9.2103405	6.450208		7.2020903	-1.1666329	-0.37939346	-0.20190161	-0.22355075	-1.1204985	-0.04621197	-0.581884	-0.6776903					-0.5808387	-1.6808531	-1.1262087	-0.6439301	-0.6963955		-0.37708047
1001	1001.0	"Italy-Albania"	"Italy"	"Albania"	325	339	"4/7/1939"	"4/12/1939"	"."	1939	0	0	0	1	0	0		2	2	1	185	160	22000		27398	0	1	"0"	612.459	1	8.684467	2753	0.38138685	1	1	1	1	0	1	1	1	1	975.0	975.0	1939.0	1938.0	-9	-9	-9	-9	174	1070	0	-9	-9	6.0	-0.21942757	23.411575	0.0	0.0	1.7917595	5.075174	-1.9002401	9.998797	6.417482	6.8824377	6.8824377	1.05141	1.0117159	-0.20175992	-0.22330208	-0.68472534	0.18830454	-1.0344605	-1.001803	-0.5726519	-0.27835706	-0.08850161	-0.34933066	-1.3124506	-1.2140912	-0.51973677	-0.650625	-0.72517043	-0.5895318	-1.1779459
106	106.1	"World War I"	"Austria-Hungary"	"Serbia"	300	345	"8/1/1914"	"12/4/1915"	"."	1915	1	0	0	0	0	0		2	2	1	95000	45000	330000	533000	67000	0	1	"No"	491.813	1	13.4	2656	0.29727876	1	0	1	1	0	1	1	1	1	1057.0	1057.0	1914.0	1913.0	-4	-4	-4	4	347	4043	158	4	4	491.0	1.5944	21.563938	0.03907989	0.0	6.196444	10.714417	2.4096756	12.706848	6.1980987	6.96319	6.96319	1.05141	1.0117159	-0.10223987	-0.12193358	0.8119902	0.8816792	-0.2801664	1.1049298	-0.34752026	-0.3276671	-0.4754991	-0.44969466	0.94561315	1.0488867	1.1816243	-0.69026756	-0.9180653	-0.48907748	-0.7147394
139	139.6	"World War II"	"Germany"	"Yugoslavia"	255	345	"4/6/1941"	"4/17/1941"	"5/1/1945"	1941	1	0	0	0	0	1	1	2	2	1			650000	800000	247542	0	1	"No"	1003.051	1	13.4	2656	0.29727876	1	0	1	1	0	1	1	1	1	1412.0	1412.0	1941.0	1940.0	-9	-9	-9	2	3160	15724	796	2	2	12.0	0.9653921	21.563938	0.05062325	0.0	2.4849067			13.3847275	6.910802	7.2527623	7.2527623	1.05141	1.0117159			1.1866481	0.64122736	-1.0344605	0.7808171	-0.34752026	-0.3276671	-0.4754991	-0.44969466	-0.9571084			-0.52228206	-0.29141393	-0.12885553	-0.5779182
1102	1102.0	"Conquest of Bosnia"	"Austria-Hungary"	"Bosnia-Herzegovina"	300	346	"7/29/1878"	"10/1/1878"	"."	1878	0	4	1	0	1	0		2	2	0			198930		51187		1	"0"	509.172	1	60.5	2386	0.5292969	1	1	1	1	1	1	1	1	1		1174.75	1878.0	1877.0	-4	-4	-4							65.0	1.3574674	56.714844		0.0	4.1743875			12.200708	6.2327857		7.0688105	1.05141	1.0117159			0.53225124	0.7911066	-0.2801664		1.9011552	-0.46492177	0.5920609	1.4597093	-0.090995185			-0.68456364	-0.8875664		
139	139.7	"World War II"	"Germany"	"Greece"	255	350	"10/25/1940"	"6/1/1941"	"5/1/1945"	1941	1	0	0	0	0	1	1	2	2	1	18270	17024	680000	350000	130800	0	1	"No"	1806.433	6	21.8	2917	0.5051203	1	0	1	1	0	1	1	1	1	2223.0	2223.0	1940.0	1939.0	-9	-9	-9	-8	680	7400	883	-8	-8	220.0	1.6484233	36.156013	0.11932433	0.0	5.3936276	9.742379	0.8331441	13.429848	7.4991093	7.706613	7.706613	1.05141	1.0117159	-0.18277748	-0.18517812	1.2115856	0.90233076	-1.0344605	-0.83974665	0.053517368	-0.19498755	0.48081973	0.3429497	0.5340489	0.6588164	0.5592805	-0.25830218	0.22586119	0.43572557	0.23638247
103	103.0	"Second Balkan"	"Romania"	"Bulgaria"	360	355	"6/29/1913"	"7/31/1913"	"."	1913	1	1	0	0	0	0		1	0	0	26700	12000	800000	370000	110550	1	0	"No"	295.836	1	20.3	2925	0.31248304	0	0	0	1	0	1	1	1	1	1534.0	1534.0	1913.0	1912.0	-4	-4	-4	-9	265	4500	118	-9	-9	33.0	1.9791439	25.77415	0.026222222	0.0	3.4965076	9.392662	0.98082924	13.592367	5.689805	7.3356338	7.3356338	-0.057611503	-1.7705028	-0.17392915	-0.19653574	1.3014086	1.0287558	-0.2801664	-1.001803	-0.0180965	-0.19092074	-0.40554127	-0.2209951	-0.43851063	0.51847804	0.61757994	-0.7546628	-1.3649875	-0.02576514	-0.86713886
139	139.9	"World War II"	"Soviet Union"	"Bulgaria"	365	355	"6/22/1941"	"9/5/1944"	"."	1944	1	1	0	0	0	0		0	1	1		3000		450000	110550	0	0	"No"	1778.836	1	20.3	2925	0.31248304	0	0	0	0	0	1	1	1	1	1387.0	1387.0	1941.0	1940.0	-9	-9	-9	0	1731	6880	353	-10	-10	1172.0		25.77415	0.05130814	0.0	7.066467	8.006368	-0.83000636		7.4837146	7.2348986	7.2348986	-1.1666329	-0.37939346		-0.21688178			-1.0344605	0.45670432	-0.0180965	-0.19092074	-0.40554127	-0.2209951	1.3916308	-0.037829433	-0.0972566	-0.26737013	0.21232526	-0.15107766	-0.5698003
106	106.4	"World War I"	"Germany"	"Romania"	255	360	"8/27/1916"	"12/6/1916"		1916	0	1	0	0	0	0		1	0	1				750000	138000	0	1	"No"	1295.488	6	17.0	2544	0.29067746	1	0	1	1	0	1	1	1	1	1741.0	1741.0	1916.0	1915.0	2	2	2	-4	2018	8845	664	-4	-4	102.0		23.033873	0.075070664	0.0	4.624973				7.1666427	7.462215	7.462215	-0.057611503	-1.7705028					0.6249865	-0.19152117	-0.17564698	-0.38460237	-0.50587296	-0.36984754	0.13999763			-0.4261914	-0.06646337	0.1316993	-0.28814766
139	139.11	"World War II"	"Soviet Union"	"Romania"	365	360	"6/22/1941"	"8/24/1944"	"."	1944	1	0	0	0	0	0		1	1	1		169882	886491	450000	230340	0	0	"No"	1499.848	1	17.0	2544	0.29067746	0	0	0	1	0	1	1	1	1	1242.0	1242.0	1941.0	1940.0	-9	-9	-9	-7	7880	13700	1111	-7	-6	1160.0	1.3477145	23.033873	0.08109489	0.0	7.056175	12.042859	2.5177083	13.695026	7.313119	7.1244783	7.1244783	-0.057611503	-0.37939346		0.16038357	1.3581475	0.7873783	-1.0344605	-0.6776903	-0.17564698	-0.38460237	-0.50587296	-0.36984754	1.3863548	1.5819783	1.2242707	-0.35904163	0.06232734	-0.28843817	-0.21674366
139	139.2	"World War II"	"Germany"	"Norway"	255	385	"4/9/1940"	"6/9/1940"	"."	1940	1	0	0	0	0	0		2	2	1	3219	1333	107000	90000	307442	0	1	"No"	838.675	5	29.4	2472	0.39438656	0	0	0	0	0	1	1	1	1	4038.0	4038.0	1940.0	1939.0	-9	-9	-9	10	3633	2963	307	10	10	62.0	-1.0554576	34.419327	0.10361121	0.0	4.1271343	7.195187	-0.79877025	11.580585	6.7318234	8.303505	8.303505	1.05141	1.0117159	-0.19857536	-0.22065032	0.18951431	-0.1312859	-1.0344605	2.0772681	0.41636097	-0.4212036	-0.028687425	0.24861252	-0.115219526	-0.3633489	-0.08492599	-0.57629365	-0.4487825	1.178247	0.050137907
139	1006.0	"Germany-Denmark"	"Germany"	"Denmark"	255	390	"4/9/1940"	"4/9/1940"	"."	1940	0	0	0	1	0	0		0	1	1	13	13	1400		42434	0	1	"0"	355.091	1	0.0	180	0.13689916	0	0	0	0	0	1	1	1	1	5116.0	5116.0	1940.0	1939.0	-9	-9	-9	10	4644	3830	806	10	10	1.0	-3.4114778	6.844958	0.21044387	0.0	0.0	2.5649493	-5.685671	7.2442274	5.872374	8.540128	8.540128	-1.1666329	-0.37939346	-0.20194046	-0.2236344	-2.2071517	-1.0319253	-1.0344605	2.0772681	-0.98727083	-1.5863434	-1.2134365	-1.2492325	-2.230997	-2.2214217	-2.0140548	-0.7351925	-1.2044619	1.4726009	1.3164048
190	190.0	"Uganda-Tanzania"	"Tanzania"	"Uganda"	510	500	"10/25/1978"	"4/11/1979"	"."	1979	1	0	0	0	0	0		0	1	0	1973	1600	20000	21000	199710	0	0	"No"	1087.656	1	9.4	4489	0.310553	0	0	0	0	0	0	0	0	1	606.0	606.0	1978.0	1977.0	-6	-6	-6	-7	2958	13225	487	-7	-7	169.0	-2.301134	20.22765	0.036824197	0.0	5.1298985	7.377759	-2.1121054	9.903487	6.9917803	6.40688	6.40688	-1.1666329	-0.37939346	-0.1998832	-0.22004671	-0.7374025	-0.60747254	-0.581884	-0.6776903	-0.5384906	0.60413975	-0.4144217	-0.5222821	0.39884806	-0.29008445	-0.6033717	-0.49448204	-0.22021286	-1.181116	-0.7414757
938	938.0	"Ethiopia-Somalia"	"Ethiopia"	"Somalia"	530	520	"6/17/2006"	"1/12/2007"	"."	2006	1	0	1	0	0	1		0	1	0		1000	4000		637657	1	1	"Internal"	1067.703	1	12.6	2416	0.13201773	0	0	0	0	0	1	1	1	1	918.0	918.0	2006.0	2005.0	1	1	1	0				0	0	210.0	-5.071506	12.900887		0.0	5.3471074	6.9077554		8.294049	6.9732647	6.8221974	6.8221974	-1.1666329	-0.37939346		-0.22140312	-1.6269245	-1.6665068	0.47412774	0.45670432	-0.3857143	-0.44967124	-1.235897	-0.9202733	0.5102003	-0.47869268		-0.5010383	-0.23649287	-0.6644695	
343	343.0	"Anglo-Ethiopian"	"Britain"	"Ethiopia"	200	530	"12/1867"	"4/13/1868"	"."	1868	0	3	1	0	0	0		0	0	0	1075	1000	13088		1119683	0	1	"No"	5904.006	6	70.4	4745	0.54513776	1	1	1	1	1	1	0	0	0		495.2	1867.0	1866.0	3	3	3	4				4	4		-4.4491053	62.45689		0.0		6.9077554		9.479451	8.683387		6.204962	-1.1666329	-1.7705028	-0.20082575	-0.22140312	-0.97176343	-1.4285808	0.7758454	1.1049298	2.3738067	0.7342775	0.66494787	1.7716184		-0.47869268		1.0881019	1.267149		
127	127.0	"Italo-Ethiopian"	"Italy"	"Ethiopia"	325	530	"10/3/1935"	"5/5/1936"	"11/28/1941"	1936	1	0	0	0	0	1	1	2	2	0	29359	25000	500000	350000	1119683	0	1	"No"	4472.134	6	70.4	4745	0.54513776	1	1	1	1	1	1	0	0	0		786.9259	1935.0	1934.0	-9	-9	-9	-5	1	13634	141	-5	-5	216.0	-0.8061928	62.45689	0.010341792	0.0	5.3752785	10.126631	0.6063092	13.122363	8.405621		6.668134	1.05141	1.0117159	-0.17113821	-0.16714701	1.0416416	-0.03599909	-1.0344605	-0.35357755	2.3738067	0.7342775	0.66494787	1.7716184	0.5246422	0.8130131	0.46973625	0.61760914	1.0229203		-1.0553665
395	395.1	"Second Boer"	"Britain"	"Orange Free State"	200	564	"10/11/1899"	"3/13/1900"	"5/31/1902"	1900	1	0	1	0	0	1	0	2	2	1	6401	2610	86730	22500	129480	1	0	"No"	9339.073	6				0	0	0	0	0	1	1	1	1		1377.0698	1899.0	1898.0	7	7	7	4				4	4	154.0	-0.4007266			0.0	5.0369525	7.8671055		11.370555	9.141962		7.227713	1.05141	1.0117159	-0.19523546	-0.21776344	0.07343281	0.1189991	1.3792807	1.1049298					0.3511992	-0.0937141		2.2168162	1.6703558		
380	380.0	"Second Franco-Madagascan"	"France"	"Madagascar"	220	580	"6/16/1894"	"9/30/1895"	"1899"	1895	1	2	1	0	0	1	0	2	2	0	6294	6000	15431		581540	1	0	"No"	8769.471	6	32.8	2876	0.5990989	1	1	1	1	1	1	0	0	0		587.5333	1894.0	1893.0	7	7	7							472.0	-3.6293013	46.354946		0.0	6.156979	8.699514		9.644134	9.079032		6.375933	1.05141	1.0117159	-0.19534777	-0.21009976	-0.88074493	-1.115193	1.3792807		0.57868576	-0.21582992	0.9132335	0.89695764	0.9253814	0.24032411		2.0296528	1.6150239		
317	317.0	"Franco-Algerian"	"France"	"Algeria"	220	615	"6/15/1830"	"7/5/1830"	"12/23/1847"	1830	1	2	1	0	0	1	0	2	2	0	2300	1700	30000		2381740	0	1	"No"	1348.542	5	15.7	3043	0.015660819	1	1	1	1	1	1	0	0	0	487.0	487.0	1830.0	1829.0	-4	-4	-4							21.0	-4.374389	8.63304		0.0	3.0445225	7.4383836		10.308952	7.2067795	6.188264	6.188264	1.05141	1.0117159	-0.19953997	-0.21982065	-0.5133055	-1.4000189	-0.2801664		-0.23771234	-0.13093536	-1.7712774	-1.1521035	-0.67022103	-0.26575634		-0.40875864	-0.031172683	-1.4530699	
383	383.0	"Franco-Tunisian"	"France"	"Tunisia"	220	616	"4/28/1881"	"5/12/1881"	"1881"	1881	0	2	1	0	1	1	0	2	2	0			28000		163000	0	1	"0"	1482.184	6	2.8	1561		1	1	1	1	1	1	0	0	0	696.9535	696.9535	1881.0	1880.0	7	7	7		0	1549	111			15.0	-1.7615457		0.07165913	0.0	2.7080503			10.23996	7.301272	6.5467186	6.5467186	1.05141	1.0117159			-0.5514371	-0.40120327	1.3792807		-0.8535916	-0.8843111			-0.8427137			-0.36484578	0.05191073	-1.0071596	-0.3285839
226	226.0	"Iraq"	"United States"	"Iraq"	2	645	"3/20/2003"	"4/9/2003"	"."	2003	1	0	0	0	0	1		0	1	0	9343	9200	315263	375000	432162	1	1	"Internal"	9982.38	6	6.0	3608	0.024304366	1	1	1	1	1	1	1	1	1	1023.0	1023.0	2003.0	2002.0	10	10	10	-9				-9	-9	21.0	-0.3153933	4.215218		0.0	3.0445225	9.126959		12.661162	9.208577	6.930495	6.930495	-1.1666329	-0.37939346	-0.19214746	-0.20286562	0.78674006	0.15161958	1.8318571	-1.001803	-0.7008153	0.15628278	-1.7315068	-1.3920804	-0.67022103	0.41185373		2.4281976	1.7289279	-0.52974975	
65	65.0	"Anglo-Egyptian"	"Britain"	"Egypt"	200	651	"7/11/1882"	"9/15/1882"	"."	1882	1	0	0	0	0	0		0	0	0	2267	2200	17401	25000	995450	0	1	"No"	3515.291	6	1.0	2762	6.42925E-4	1	1	1	1	1	1	0	0	0	719.6047	719.6047	1882.0	1881.0	7	7	7		0	5669	577			67.0	-4.046667	0.5321463	0.10178162	0.0	4.204693	7.696213	-0.9465554	9.764283	8.164878	6.578702	6.578702	-1.1666329	-1.7705028	-0.1995746	-0.2186903	-0.8143393	-1.2747401	1.3792807		-0.9395282	-0.2737819	-1.8403777	-1.5921457	-0.075459115	-0.16229181	-0.14326492	0.30320424	0.81124485	-0.9673729	0.028452167
211	211.0	"Persian Gulf"	"Iraq"	"Kuwait"	645	690	"8/2/1990"	"8/2/1990"	"."	1990	1	0	0	0	0	0		2	2	0	2993	2793	100000	25000	17820	0	1	"No"	555.901	1	0.0	306	0.001683502	0	0	0	0	0	0	1	1	1	8108.0	8108.0	1990.0	1989.0	-9	-9	-9	-10	56672	2141	508	-10	-10	1.0	1.7248487	0.0841751	0.2372723	0.0	0.0	7.9348717	0.26584327	11.512925	6.32059	9.000607	9.000607	1.05141	1.0117159	-0.19881257	-0.21734974	0.15211956	0.931546	-1.0344605	-1.1638595	-0.98727083	-1.5222912	-1.8355898	-1.6164795	-2.230997	-0.06652014	0.3353356	-0.6692092	-0.8103636	2.045427	1.6343971
313	313.0	"First Anglo-Afghan"	"Britain"	"Afghanistan"	200	700	"2/1839"	"8/7/1839"	"12/1842"	1839	1	0	1	0	0	1	1	0	1	0	1217	1200	22000		647500	0	1	"No"	5713.522	6	65.6	7200	0.47264948	1	1	1	1	1	1	0	0	0		658.3	1839.0	1838.0	3	3	3	-6				-6	-6		-3.3820763	56.432472		0.0		7.090077		9.998797	8.650591		6.4896607	-1.1666329	-0.37939346	-0.20067671	-0.22095099	-0.68472534	-1.0206859	0.7758454	-0.51563394	2.1446424	1.9822785	0.33141536	1.4443709		-0.4055287		1.0255116	1.2383128		
356	356.0	"Second Anglo-Afghan"	"Britain"	"Afghanistan"	200	700	"11/21/1878"	"5/26/1879"	"4/1881"	1879	1	0	1	0	0	1	1	1	0	0	2250	2000	35300		647500	0	1	"No"	5713.522	6	65.6	7200	0.47264948	1	1	1	1	1	1	0	0	0		804.7907	1878.0	1877.0	3	3	3	-6				-6	-6	187.0	-2.9092357	56.432472		0.0	5.2311087	7.6009026		10.471639	8.650591		6.6905823	-0.057611503	-1.7705028	-0.19959246	-0.21914245	-0.4233902	-0.8399325	0.7758454	-0.51563394	2.1446424	1.9822785	0.33141536	1.4443709	0.45073348	-0.20053895		1.0255116	1.2383128		
225	225.0	"Afghanistan"	"United States"	"Afghanistan"	2	700	"10/7/2001"	"12/22/2001"	"."	2001	0	2	0	0	0	1		0	1	0	4002	4000			647500	1	1	"Internal"	11153.485	6	65.6	7200	0.47264948	1	1	1	1	1	1	1	1	1	507.0	507.0	2001.0	2000.0	10	10	10	-7	562	22722	4162	-7	-7	77.0		56.432472	0.1831705	0.0	4.3438053	8.294049	-1.7370392		9.319508	6.228511	6.228511	-1.1666329	-0.37939346	-0.1977535	-0.2146211			1.8318571	-0.6776903	2.1446424	1.9822785	0.33141536	1.4443709	-0.004143032	0.0776146	-0.45531243	2.8130062	1.8264645	-1.4030035	0.99313885
82	82.0	"Boxer Rebellion"	"Allies"	"China"	740	710	"6/17/1900"	"8/14/1900"	"1901"	1900	0	1	0	0	0	1	0	0	0	0	3003	2000	20900		9326410	1	1	"No"	2094.74	1	37.4	9002	0.274409	1	1	1	1	1	1	0	0	0	545.0	545.0	1900.0	1899.0	1	1	1	-6	233	425577	-9	-6	-6	59.0	-6.1008563	32.420452		0.0	4.0775375	7.6009026	-5.3602986	9.947504	7.647185	6.300786	6.300786	-1.1666329	-1.7705028	-0.19880208	-0.21914245	-0.71307474	-2.059998	0.47412774	-0.51563394	0.7983017	2.8983264	-0.5807273	0.14003327	-0.14064534	-0.20053895	-1.8856125	-0.1635686	0.35605812	-1.3130946	
139	139.14	"World War II"	"United States"	"Japan"	2	740	"12/7/1941"	"8/15/1945"	"."	1945	0	1	0	0	0	0		0	1	0	2254982	2200000	350000		377915	0	0	"External"	10916.746	6	14.7	3780	0.68431157	1	1	1	1	1	1	1	1	1	1346.0	1346.0	1941.0	1940.0	10	10	10	1	34266	72147	22004	1	1	1348.0	-0.076736145	41.56558	0.3049884	1.0	7.2063775	14.603968	3.417507	12.765689	9.298053	7.2048926	7.2048926	-1.1666329	-0.37939346	2.164928	4.749813	0.844511	0.24285142	1.8318571	0.6187607	-0.28545493	0.2437191	1.3053133	0.63679826	1.463356	2.609728	1.5794709	2.7352169	1.8076001	-0.18840443	2.4370232
367	367.0	"Third Anglo-Burmese"	"Britain"	"Burma"	200	775	"11/14/1885"	"11/27/1885"	"1895"	1885	1	2	1	0	0	1	0	2	2	0	274	250	9000	15000	657740	0	1	"No"	8535.663	6	35.6	5881	0.89295113	1	1	1	1	1	1	0	0	0	598.35486	598.35486	1885.0	1884.0	7	7	7							14.0	-4.291585	62.447556		0.0	2.6390574	5.521461		9.1049795	9.052009	6.394184	6.394184	1.05141	1.0117159	-0.2016665	-0.22309862	-1.1787306	-1.3683652	1.3792807		0.7123649	1.3117639	2.265304	1.7711112	-0.87808293	-1.0350002		1.952827	1.5912634	-1.1969093	
187	187.0	"Vietnamese-Cambodian"	"Vietnam"	"Cambodia"	816	811	"12/26/1977"	"1/7/1979"	"9/25/1989"	1979	1	0	0	0	0	1	1	0	1	0	8000	5000	150000	73000	176520	1	1	"Internal"	1059.38	1	1.0	1810	0.75226605	1	0	0	0	0	1	1	1	1	831.0	831.0	1977.0	1976.0	-7	-7	-7	-7	1384	6535	382	-7	0	378.0	-0.1627989	38.113304	0.058454476	0.0	5.934894	8.517193	-0.26773444	11.91839	6.9654393	6.72263	6.72263	-1.1666329	-0.37939346	-0.19355711	-0.21236043	0.37621653	0.20995207	-0.73274285	-0.6776903	-0.9395282	-0.75773174	1.617985	0.4492701	0.81152946	0.16716011	0.124703094	-0.50377315	-0.24337342	-0.7883293	-0.48509616
385	385.0	"Third Franco-Vietnamese"	"France"	"Vietnam"	220	816	"4/25/1882"	"8/20/1883"	"4/14/1885"	1883	0	1	1	0	0	1	0	2	2	0	2500	2000	10000		150000	0	1	"No"	9417.766	6	19.2	3143	0.30196407	1	1	1	1	1	1	0	0	0	572.1163	572.1163	1882.0	1881.0	7	7	7							483.0	-2.7080503	24.698204		0.0	6.1800165	7.6009026		9.2103405	9.150353	6.3493423	6.3493423	1.05141	1.0117159	-0.19933005	-0.21914245	-1.1204985	-0.763025	1.3792807		-0.070613265	-0.08010029	-0.45394108	-0.27944073	0.9371916	-0.20053895		2.2426734	1.677734	-1.2526916	
163	163.0	"Vietnam"	"North Vietnam"	"South Vietnam"	816	817	"8/2/1964"	"4/30/1975"	"."	1975	1	0	0	0	0	0		2	2	0	1250000	250000	363000	200000	173809	0	0	"No"	1139.648	1	19.2	3143	0.30196407	0	0	0	0	0	0	1	0	0	710.0	710.0	1964.0	1963.0	-7	-8	-8	-3	-9	19941	4707	-3	-3	3924.0	0.73644584	24.698204	0.23604634	0.0	8.274867	12.429216	2.528683	12.802158	7.0384746	6.565265	6.565265	1.05141	1.0117159	1.1100752	0.34150404	0.8646673	0.5537077	-0.73274285	-0.029464796	-0.070613265	-0.08010029	-0.45394108	-0.27944073	2.0111177	1.73702	1.228603	-0.47739825	-0.17915645	-0.98408794	1.619866
1106	1106.0	"East Timor"	"Indonesia"	"East Timor"	850	860	"12/7/1975"	"3/1/1976"	"2000"	1976	0	4	0	0	1	1	1	2	2	0		2500	10000		14874	1	1	"0"	2084.181	1			0.6496301	0	1	1	0	0	1	1	1	1		1497.0	1975.0	1974.0	-7	-7	-7							86.0	-0.39702964			0.0	4.454347	7.824046		9.2103405	7.6421313		7.3112183	1.05141	1.0117159		-0.21801211	-1.1204985	0.120412335	-0.73274285				1.1457374		0.052526288	-0.11099343		-0.16703816	0.35161474		
1100	1100.0	"British-Sindh"	"Britain"	"Sindh"	200		"2/17/1843"	"3/24/1843"	"1853"	1843	0	0	1	0	1	1	0	2	2	0	10250	10000	8000	16000	140000	0	1	"0"	2057.845	1				1	1	1	1	1	1	0	0	0		533.0	1843.0	1842.0	3	3	3							36.0	-2.862201			0.0	3.583519	9.2103405		8.987197	7.6294146		6.2785215	1.05141	1.0117159	-0.19119546	-0.20105708	-1.2438279	-0.82195246	0.7758454						-0.3939042	0.44531405		-0.17569177	0.34043342		
1101	1101.0	"Dutch-Acheh"	"Netherlands"	"Sultanate of Acheh"	210		"3/26/1873"	"1/15/1874"	"1904"	1874	0	0	1	0	1	1	0	2	2	0			13000		22500	0	1	"0"	9558.832	6				1	1	1	1	1	1	0	0	0		592.0	1873.0	1872.0	-3	-3	-3							296.0	-0.5485659			0.0	5.6903596			9.472705	9.165221		6.383507	1.05141	1.0117159			-0.97549206	0.06248433	-0.12930757						0.68616873			2.2890258	1.6908066		
1103	1103.0	"French-Dahomey"	"France"	"Dahomey"	220		"7/4/1892"	"11/17/1892"	"."	1892	0	0	1	0	1	0		2	2	0	3085	3000	4764		8000	1	1	"0"	4639.143	6	0.0	658	0.78195626	1	1	1	1	1	1	0	0	0		584.1667	1892.0	1891.0	7	7	7							137.0	-0.5183539	39.097813		0.0	4.919981	8.006368		8.4688425	8.442285		6.3701863	1.05141	1.0117159	-0.19871601	-0.21688178	-1.5303179	0.074033536	1.3792807		-0.98727083	-1.3433517	1.7545953	0.5027488	0.29123372	-0.037829433		0.672486	1.0551574		
1104	1104.0	"Formosa"	"Japan"	"Republic of Formosa"	740		"5/29/1895"	"10/21/1895"	"1902"	1895	0	4	0	0	1	1	0	2	2	0		6760	70049	100000	32260	0	1	"0"	2097.435	6	46.6	3997		1	1	1	1	1	1	1	1	0	650.0	650.0	1895.0	1894.0	1	1	1							146.0	0.7753669			0.0	4.983607	8.818778		11.15695	7.6484704	6.4769726	6.4769726	1.05141	1.0117159		-0.20838165	-0.04462473	0.5685861	0.47412774		1.2375333	0.3540312			0.32385153	0.28818354		-0.16268304	0.35718843	-1.0939221	
1105	1105.0	"Mahdist War"	"Britain"	"Mahdists"	200		"3/18/1896"	"9/2/1898"	"11/23/1899"	1899	0	0	1	0	1	1	0	2	2	0		15000	18000		2505813	1	1	"0"	4941.074	6	6.5	3187	0.5659217	1	1	1	1	1	1	0	0	0		594.26666	1896.0	1895.0	7	7	7							899.0	-4.9359965	31.546085		0.0	6.801283	9.615806		9.798127	8.505338		6.387328	1.05141	1.0117159		-0.18975373	-0.79563403	-1.6147054	1.3792807		-0.6769441	-0.05773286	0.7605789	0.0925375	1.2556841	0.6080235		0.77169627	1.1105975		
395	395.2	"Second Boer"	"Britain"	"Transvaal"	200		"10/11/1899"	"6/5/1900"	"5/31/1902"	1900	1	0	1	0	0	1	0	2	2	0	7741	3950	86730	22500	336720	1	0	"No"	9034.877	6				0	0	0	0	0	1	1	1	1		1377.0698	1899.0	1898.0	7	7	7							238.0	-1.3564519			0.0	5.4722705	8.281471		11.370555	9.108848		7.227713	1.05141	1.0117159	-0.19382897	-0.21473414	0.07343281	-0.24634746	1.3792807						0.5743652	0.07256716		2.1168616	1.6412396		
106	106.2	"World War I"	"Austria-Hungary"	"Montenegro"	300		"8/1/1914"	"12/4/1915"	"."	1915	1	0	0	0	0	0		2	2	1	2000	3000	333000	50000	14026	0	1	"No"	677.33	1			0.533829	1	0	1	1	0	1	1	1	1		1057.0	1914.0	1913.0	-4	-4	-4							491.0	3.1672297			0.0	6.196444	8.006368		12.715898	6.5181584		6.96319	1.05141	1.0117159	-0.19985485	-0.21688178	0.81699175	1.4829271	-0.2801664				0.61291397		0.94561315	-0.037829433		-0.6293093	-0.63664955		
426	426.0	"Sino-Tibetan"	"China"	"Tibet"	710		"10/7/1950"	"5/31/1951"	"."	1951	1	0	1	0	0	0		2	2	0	5000	3000	35000	8500	1288400	1	1	"No"	2564.807	1				0	1	1	0	0	1	1	1	1		448.0	1950.0	1949.0	-8	-8	-5							237.0	-3.6058083			0.0	5.46806	8.006368		10.463103	7.8496385		6.104793	1.05141	1.0117159	-0.19670598	-0.21688178	-0.42810765	-1.1062123	-0.88360167						0.57220674	-0.037829433		-0.009111308	0.53406745		
1107	1107.0	"Second Chechen War"	"Russia"	"Chechnya"	365		"8/7/1999"	"4/30/2000"	"2004"	2000	0	0	1	0	1	1	0	2	2	0			100000		17300	1	1	"0"	1499.377	1				1	1	1	1	1	1	1	1	1		5277.0	1999.0	1998.0	3	3	3							268.0	1.7544637			0.0	5.590987			11.512925	7.3128047		8.571113	1.05141	1.0117159			0.15211956	0.9428669	0.7758454						0.6352254			-0.3591964	0.062051043		
